151340
165057
700610
362551
607535
430340
782368
782368
567378
646781
536635
072063
343280
407254
125602
315207
518185
106214
238562
374248
816618
380308
700313
134116
245056
306054
557818
385385
707554
114105
306342
347068
817763
717483
420240
705624
286286
737683
117018
234117
416470
720342
610511
137056
550127
706148
255822
152017
355256
850265
450306
360612
255741
454085
433523
703343
242530
515443
586658
182830
056434
671275
642345
304403
836737
805616
842815
636375
765684
445670
242413
782746
747747
453651
570732
534372
844358
366258
840336
444048
705048
853466
037136
641713
722326
148742
352217
063801
137416
810117
164452
106052
824257
276384
805157
381066
803830
144135
363165
647566
684684
760373
652715
145712
742850
880268
323701
046352
607274
541802
372237
077563
042114
646808
557881
544247
145271
727556
713227
754457
153018
633651
571508
073433
414630
008512
728674
126513
335362
264156
558747
716185
147750
638287
470074
365464
347527
664826
047074
285861
425353
063225
323611
478847
315603
243261
421214
613343
257581
307037
462237
367646
325253
613118
738684
840246
811163
514730
608185
335146
573177
530053
880835
674386
004103
346751
827674
435831
173137
547376
603171
126810
231510
053422
483708
734266
118433
544274
506065
484583
083830
535517
066813
223403
433820
380155
541172
683278
170710
142322
174408
805328
161413
758767
746854
154037
636078
585774
874856
480831
261702
684468
822426
537843
802514
372057
342621
744816
717834
708735
405045
137083
480246
767866
326830
105501
318138
178574
618357
862565
136172
283616
433451
087258
815428
365617
252243
173830
462147
315171
048660
223412
028037
508742
634760
650416
870726
325532
582357
636582
561327
078762
755674
267681
435633
536248
410014
650308
620080
026530
167428
284248
731263
807825
305161
156624
672447
017341
174552
481346
037730
606255
362137
205007
475556
632740
182515
871448
166472
703505
527518
448718
737728
485575
253064
824626
186456
813804
335461
072252
770833
053611
247706
308470
346463
443164
755827
833464
738666
783477
240303
143431
174543
157643
883847
716815
341008
436742
084705
357780
620620
863278
472814
374473
504441
674458
665755
035620
453516
282336
721406
163802
681483
742616
804624
075651
228228
323710
232322
606282
218605
480732
060420
227218
602242
307118
622352
825645
225027
058436
734365
721721
751508
240060
806770
684486
582555
635167
430331
483870
443164
452461
562814
157157
411150
604271
466376
842275
425650
632623
658874
712163
362434
142331
328463
178376
720324
862727
604055
700070
118604
565385
641470
642660
066408
161422
248860
387486
085274
760337
525435
806581
780834
370235
174507
307406
608635
660813
715175
804831
713308
464086
680428
162063
054171
413161
423360
612216
714723
645834
435165
417381
576585
642156
584764
831336
285285
016151
554437
807726
735807
416254
544184
245803
471048
105051
058364
474627
084831
377584
633561
270117
382823
555753
863584
533650
077365
370163
736871
611512
521071
257356
744618
328058
528672
408354
755278
328283
326344
630153
570408
822552
324360
751715
374347
340214
455275
640541
185527
047317
665656
433154
536635
320203
754781
830407
727781
122005
157265
073235
278773
417363
753168
483672
844664
523316
806743
457547
440602
481508
076148
365770
136271
337274
573672
082613
134107
223340
462831
183255
062161
836386
047182
024411
353641
421520
504630
052124
126342
781808
768867
436535
546807
774468
566557
263353
463265
461740
740452
221041
078780
057714
736880
760616
405621
567783
706418
334082
418535
403250
058670
008314
483186
813516
634184
070511
170530
525480
327426
381714
552417
148508
454346
747387
268367
075246
582384
601133
748775
883847
781781
346562
384384
625634
473437
283463
736547
751652
308641
346265
718367
835376
781556
717276
332107
742580
482464
525453
851545
072126
067841
713524
825528
701710
145622
705606
165840
830146
165831
360135
526436
720522
460523
551344
802280
740263
281254
442730
715805
782854
087087
081603
016421
618357
860086
075624
453318
814472
707248
147237
544508
028262
806266
310400
345480
381642
616823
636582
078825
742256
744537
731083
652445
262307
765468
645753
481148
216711
245614
333441
166643
038641
568838
434821
282453
442334
267267
581680
803641
716680
461704
043241
683656
528528
068671
627645
777876
318327
002110
632317
483573
464653
181811
546735
182452
316541
552624
011200
606507
266761
721280
645168
261216
600231
625436
830560
483087
531360
187538
233053
346328
732480
027414
725446
342810
640244
381147
681348
126603
026035
617167
642723
343811
865766
048462
553760
045261
243027
306450
106160
583475
432324
462354
714705
514136
125620
311401
028604
234810
347572
731614
125260
782773
551533
261135
067661
826808
268646
022004
732534
835826
613352
338707
371155
661733
285807
250421
231024
732516
387558
188737
438843
752473
371308
414171
530341
552336
471273
365653
652337
372750
716563
226361
413602
161206
225081
718457
118541
378846
414261
081054
066327
215620
845683
353605
717177
326407
631352
745286
158842
824374
064181
214142
386737
866668
380173
407155
048426
431035
561174
335506
672168
425308
754736
583385
857767
775874
541721
007340
076553
465762
345165
155452
583844
618258
426651
327471
176527
081351
377575
435714
060600
418382
486387
264318
251080
517823
354066
158158
806455
075156
036423
343424
627168
357762
164173
035233
165714
243171
872386
442433
633444
404233
138750
280037
112301
012003
207333
532622
564366
154136
335830
172622
858777
152233
231051
161152
136550
063432
260044
302014
662464
637718
003003
242206
733184
314530
728638
523217
321213
652760
045207
350503
055334
356356
243180
546834
744744
614308
043322
117081
212023
108720
382814
753708
563725
328625
623245
115304
356662
764854
683773
881377
454076
802802
326650
808556
351531
236470
837774
460460
238553
425380
065506
357564
465780
520700
116125
428770
751805
818647
850607
725743
657873
836377
347725
682745
602800
836836
542623
673556
615804
765387
074560
824437
356635
830551
174822
401014
046802
528438
027135
570516
476746
573645
107224
811352
561183
702450
601520
377755
038416
550433
833563
120120
750651
352505
136334
016241
571517
458557
854647
812560
605317
857578
183507
275581
077176
637772
143350
743383
313214
345444
861618
314521
341143
082028
722308
721721
732822
728575
434308
507615
066633
700061
462741
518284
872485
476674
372453
524065
243126
570408
551254
026170
705525
028118
507048
677686
605380
065335
463706
543714
385385
705552
504144
367637
124061
713560
248446
754718
435408
247445
125053
365671
156228
318507
437806
464581
328805
231024
540360
448457
350161
455581
028451
275626
723741
815851
383473
206107
342054
281722
718754
312123
248662
581482
586874
600024
105006
162612
355175
556628
743518
827485
628754
135072
373643
316208
550631
537348
144612
164128
053404
472742
711531
663348
803083
848848
125053
553454
226811
283706
376628
221041
226631
252054
521233
732255
423207
418805
833275
107116
751148
615516
005203
257374
734158
076238
403241
752563
414702
155560
051060
228660
044530
226145
408651
525525
856676
364571
286457
205511
411033
371218
534372
540171
522108
623074
517535
535733
272722
355373
423351
245704
462138
605524
345822
680554
028271
518626
772475
163163
682628
281065
217460
771384
245830
163532
773575
080260
266437
414045
078258
317713
142142
861825
218137
372831
755881
636375
434263
818278
866758
455734
462408
654645
215701
338446
660282
342108
377647
326038
155434
380326
560434
843366
828873
175256
141501
366285
821407
446482
514262
046082
851248
483186
085166
362632
850850
136712
830542
842383
068158
185383
324342
450171
251224
736556
444165
842680
740245
732561
454535
817268
732462
408174
546555
436058
056137
363237
616265
605281
336543
463076
624732
418463
245218
624156
232232
652841
307028
461263
604460
237624
770347
552165
462372
633363
644851
106520
038137
246282
406172
820406
042033
537753
065227
261414
445724
455257
730613
186555
233107
424217
226604
055217
215008
480075
523613
544535
604352
153108
662248
138426
810162
742427
815635
545383
450306
820046
605542
704155
432306
460730
436751
144252
206161
043061
655745
544616
362731
727871
227407
444084
451541
278845
841760
654582
550406
223232
086770
562571
713065
710422
870807
507624
652562
218407
281470
018513
225225
430061
017710
158662
760724
227272
185581
776857
708384
147381
846576
436670
236038
716806
417642
463562
745718
284716
008125
451631
451622
185770
105114
127046
560443
833536
743833
052421
342423
345453
375438
817754
640721
407722
625508
704335
145613
636474
046613
461218
646385
707185
573537
181064
731146
106502
460703
811811
217118
557737
730712
286583
026260
544265
823076
076427
557845
230140
056164
155614
655187
556574
543831
622604
834636
143170
048273
462264
701332
704371
355652
081414
177618
714543
574574
460451
463481
880727
273516
568847
526454
842473
388784
428572
813336
407272
583664
826835
050212
414252
376385
252612
472067
217181
267474
548818
073451
540414
627861
762447
552831
582672
426228
846468
146056
677857
472337
676676
153504
608347
734617
245470
332125
343028
822174
443425
632371
234351
624543
125350
175328
046451
802505
485854
742265
417426
186357
781862
745484
347275
251215
860833
346634
453525
031400
383158
343145
052403
352730
403007
117315
005050
440332
157364
670454
441306
421511
313061
325343
325343
241106
760355
333180
317524
872764
282723
334703
386548
531342
375654
327516
435525
611611
633165
347428
316631
305233
417741
726357
574646
882855
207036
078438
826466
041410
744807
072234
850238
801603
605164
355724
428257
450036
670274
645078
784586
616445
456456
038551
835853
725158
182164
217334
413008
380524
554365
420240
562616
753177
338257
544526
082613
545824
532703
725815
368188
166571
661481
806473
745376
367475
184337
755818
024123
250610
148454
783468
632704
543147
061322
246516
208721
760661
472175
274274
761860
484727
825627
344380
155371
266671
272137
216432
721154
058067
425281
367565
544553
208073
126270
601232
850454
553517
824680
542272
251323
751085
264138
376664
568757
782485
326515
221131
327048
641641
561084
582537
687876
352334
248374
231132
270072
320410
516246
726834
581554
565538
781835
056722
558684
517472
357870
321114
524470
450441
665557
504351
630414
278827
445724
176536
641560
526670
702504
484583
316235
370352
561273
644473
313520
665548
764575
724247
468288
833725
055703
032500
428365
162243
468675
143242
366582
316262
800305
503305
546267
355823
881746
114204
800431
345318
334028
824428
726771
217280
470236
058850
428077
317524
275257
642183
318705
782566
164524
616346
252063
388757
275833
228381
180603
244433
741381
414531
065236
760427
175544
386773
484664
421520
431170
810315
018414
843771
718178
714642
840408
541703
361271
738666
328463
780348
343325
262145
737746
464680
447780
551551
853646
113113
682547
268682
673862
644842
617248
347077
380344
303006
108108
677776
615552
400220
851761
562238
182731
633435
150006
500122
247382
345264
367556
241250
467485
681780
253622
551740
760553
726618
160430
088718
358853
804732
127460
486288
710512
222510
706850
535085
451460
831255
371443
763565
361127
722155
374770
074434
646358
606363
528375
263452
555762
762456
333612
847568
158608
405612
614641
816843
253703
653671
781655
532613
615318
364508
350530
816267
674557
736385
261351
268736
183138
482824
182335
316451
146371
154307
483663
520511
505046
253316
667586
373625
273705
160061
805148
672726
572626
720702
353173
178628
346418
737287
704443
435354
770581
416443
330114
815833
201111
443047
647845
561327
651525
662167
347671
546726
441018
552255
110101
214070
380047
306252
317452
861456
534255
253730
228372
018117
830281
345075
184067
724526
227434
840084
586478
167635
366087
835682
513171
815257
226370
255336
622406
171153
541172
761815
432423
701314
732066
555168
653725
127154
517814
536176
687867
453075
831525
450045
426723
364373
503134
415307
712028
632353
133133
147552
384816
186582
842086
071314
184607
324351
636447
414117
205223
802217
444381
285456
605137
831237
046073
553256
071323
365167
840543
180234
350701
803551
682736
748838
156336
343460
277385
483861
072432
630171
234117
714525
424514
351234
860464
845773
303204
204321
781880
207405
741417
737818
853448
472256
086662
434551
582258
406208
216225
531243
384384
163217
404341
213123
835763
146821
165255
353542
428536
341620
346742
075237
273624
417741
363543
088817
740614
415145
135522
326146
324504
675783
326740
086446
074452
801540
350170
041221
323134
608356
613532
416524
268538
671473
318138
645474
774747
507363
121004
483465
168744
068806
054018
476548
475268
832238
367286
645753
723381
338581
660453
512701
615705
365374
513540
723462
307352
484880
363381
487883
038371
612063
562076
773647
017053
468666
503530
286862
153306
762078
372606
264183
745484
205124
573456
150123
115016
603108
863188
412241
554833
271262
364157
402132
555717
637466
750840
575575
214421
246156
543543
665854
854683
352316
506083
742805
752338
551452
418436
405261
741516
127703
872764
243063
470533
567747
571553
762582
221050
611422
432207
663456
606516
246642
505343
732804
044152
445067
570048
527806
228435
127127
252036
245227
806284
180531
653653
067508
677848
476683
731263
352262
753528
280820
131140
027810
144621
514523
613550
616733
205016
374635
316514
157751
688886
205520
537438
455743
422125
155515
644185
331007
842608
066732
521044
533722
648288
482374
548854
512341
872467
386584
258780
461371
508571
634706
051330
265148
664088
137443
216720
732606
077671
416731
107710
615444
275572
077770
736358
836485
273264
615183
066813
184436
408327
700106
702153
460064
527284
334451
440332
601421
884848
318732
445832
513108
207144
824167
581365
207216
355148
538457
883568
506218
442406
761257
207405
711810
145442
723246
741174
521116
325316
184454
813264
521152
632524
480363
880583
821263
342162
041104
280820
210030
454274
522153
453453
156660
465843
604235
574664
272812
282255
078852
281713
581374
881881
376583
265814
567756
351351
652184
422323
735285
272506
525075
538844
126540
743770
742148
017512
681357
223106
816726
611053
661823
354507
604235
335803
727727
074506
415640
657756
735573
355652
708816
160025
584773
138435
484871
374338
850652
461353
276618
444264
052511
231105
161044
487676
844844
211301
155128
786777
508346
158662
133223
871088
516462
184283
658757
334721
148706
171126
452551
506353
268286
255273
065335
725428
871745
368674
623623
238724
382418
047821
166526
478676
250223
268448
713821
341017
713434
407731
268277
530314
088484
347536
086167
081243
525615
635626
017161
602512
260206
625535
247841
545554
760661
835835
753771
435354
048327
217262
720801
843717
530242
816078
173155
706175
243711
341611
670184
611062
133205
725473
672456
107305
325532
605704
771843
626176
074470
820820
435633
270711
465852
220112
077338
835466
613721
702324
085535
472364
831534
044125
034511
840264
156525
873657
680716
218074
258852
543435
306441
236704
604442
822624
831633
355328
503521
422053
751166
343028
257617
536158
728728
746647
636564
348870
116143
732633
471741
506056
533038
715535
184058
236812
067175
671527
485476
670751
562841
671482
108432
581464
340250
305521
418256
237462
762276
174606
464635
431701
038164
624822
842365
418652
281335
244721
013121
373751
138462
543642
126702
037208
326047
065227
527671
038146
512413
256760
175733
571823
264570
082262
056236
347347
702162
821632
600600
266473
502232
363633
612162
288774
675783
712037
578668
355571
364472
415433
382832
510105
521332
634382
730181
324180
306504
470407
535337
250340
718367
628808
366627
750651
066345
103022
824158
153018
528375
841265
537717
751733
368656
801153
887788
128344
506830
073640
686866
675468
551353
840165
078843
206602
561723
358484
604703
235532
832085
853745
660147
086257
785758
504234
075273
475646
056722
084480
651705
138273
575584
771762
318084
732633
411051
187268
841247
132114
265247
460118
575575
545716
157832
164056
446743
746665
247823
453723
371632
134503
065083
682673
248743
328535
070502
027351
886787
472643
445355
728782
818773
611332
761545
246831
514712
647737
683476
140410
800602
203023
623263
420132
607418
022400
862565
534480
863287
526076
068815
805472
282714
434470
228534
646277
851734
702324
533308
187745
115124
274823
778868
254065
336804
517517
355751
058247
458764
142601
870375
813381
681636
234126
473077
861771
016070
137434
308524
226370
722083
833374
536806
528357
244028
153045
254047
337616
155740
836818
642615
757487
470416
712550
814328
658667
821515
616346
444165
262622
616841
684477
275356
262334
235145
344713
580067
055451
552561
736754
834852
508616
058247
743446
411141
107053
488578
081225
823724
536860
380803
456717
664646
615228
831174
238643
582861
360450
267843
174282
178745
456753
415361
076706
310400
026206
461227
634571
832742
637826
038173
068734
304214
250007
743185
282840
824383
062107
764683
583367
424460
358556
708726
804552
617383
144027
351450
721307
331007
663780
141411
318570
173254
255822
528438
681537
218434
802145
268178
542047
502133
820622
835358
173272
046604
604415
272236
614362
435714
812137
660408
580166
204006
864882
376547
880727
337508
564528
342081
854665
547187
415541
417831
347527
038434
380524
574628
067472
726708
807555
520223
321501
346643
881764
188773
831651
706382
255831
547826
526652
802541
648855
077860
210003
705381
860167
166184
652535
643283
163442
406820
281227
751805
186780
812803
810450
503215
623083
563860
188728
284707
123312
118037
714408
822480
841706
566638
460028
782836
328085
125008
640523
761284
432351
822408
142151
581563
242800
171504
106241
115214
178781
844745
745286
104410
651372
388874
617257
551650
408237
457862
566476
457628
215206
826844
662356
083605
283274
465645
125530
181154
436184
606660
704281
251008
182407
654753
345264
453138
075750
175418
615336
006240
800602
552633
818566
355076
861528
322223
557476
800152
815158
463238
728278
637637
241502
148328
256355
138075
682763
187628
317263
608428
344380
143251
165156
462822
577388
387567
213600
722506
440206
182173
751832
564456
582843
658757
574475
255138
763484
714273
536428
353632
830407
066741
516165
684756
138705
086545
366870
451334
247247
218047
636717
384456
275761
344245
610700
274850
274706
580418
343235
243162
170206
708681
068257
171072
225171
455716
066723
453165
655556
740425
106160
470083
355805
043601
071530
244262
703127
066741
762465
038812
147624
336174
257185
082406
680743
006033
725284
806743
472814
727466
480228
026440
440008
711432
301031
472454
412025
761572
074641
134503
525084
178808
446554
177168
385808
116134
556574
367880
645618
561543
727385
116422
633561
282048
411213
661274
153162
781763
668677
234810
256661
505226
452236
157805
064613
385682
615363
744852
274823
017413
814841
836638
053125
578875
053323
206422
557287
046217
014050
206152
154181
047227
808628
262802
368656
065272
055334
461353
358178
815284
268745
172307
363345
177177
581275
137245
646385
058805
026422
641542
387846
007142
074254
242143
135063
617842
264750
058760
628835
827818
533065
173470
342351
184823
322412
484808
258843
273813
653464
770284
817781
810153
078384
438546
853376
730424
551560
283436
361226
416515
368836
556754
611206
047533
526472
406262
440620
828567
065434
087645
311320
383842
615831
435282
313322
203032
822840
047605
561165
254065
763376
763727
154172
872674
303150
265724
716860
068266
284680
365626
334802
602170
608833
260242
586487
421322
664385
013031
766775
680257
130301
751067
207333
252270
442073
442145
035143
705426
168168
143314
243018
067814
387873
824635
302113
077554
383734
443173
570246
306441
712721
665575
702360
580076
705345
516624
355436
463823
607328
526274
343208
753573
532208
512422
327741
028433
534183
136253
162135
503026
831543
456546
752545
681375
644563
760634
488578
128740
183156
852717
137326
281344
282417
528384
428752
152251
412304
786867
454481
745385
360621
441621
407362
603126
053431
116332
476755
046127
480246
426561
253442
832445
707077
463247
618816
615444
812470
884866
271181
642471
474672
737575
218380
811631
385754
334226
483861
417723
368863
883748
583727
211301
610034
625265
717348
172343
047605
118253
333315
218128
755485
820226
355760
220022
463706
062350
127631
600024
074335
457466
750624
258555
087834
178457
840435
033141
414612
724076
607265
536077
815545
330006
028226
714354
530440
248257
555627
068383
873774
311221
700070
262433
831813
153108
070250
126153
607724
362065
638773
147417
750048
882846
146524
168816
762357
015402
720270
826871
826277
134251
157670
482248
723426
076553
533722
134350
402114
717267
378873
218443
782548
308146
334226
383248
068806
870474
818458
066723
151214
473464
340214
425038
238337
722308
630126
484808
461236
642183
117252
735483
077851
181433
366735
303411
268772
228507
347554
038614
536653
362047
748685
621702
810153
542083
035143
701161
215044
017107
071251
704425
631523
674386
043160
014014
765432
472850
621270
635347
353065
832760
460073
411231
547457
058553
855765
227272
883487
528474
735258
682817
500230
554455
018036
234081
321231
307217
131302
545806
647278
817862
403313
836368
217514
525741
603531
756837
472238
174138
715427
385547
812470
763556
628808
727583
413602
317281
843816
583727
740326
446635
806167
514244
131023
242053
073550
353362
610601
278188
568856
222141
462084
614164
266842
611116
104041
443173
313142
462471
843474
871727
167383
037082
644680
075822
106115
404800
665854
827818
056245
420600
330015
570507
485656
656881
106511
653860
308245
383545
770761
600303
862862
443146
228354
655466
532127
251440
676658
355283
175256
584377
362425
222123
848668
321213
643418
266572
340160
355274
223511
147543
851554
408741
647656
708447
174363
038821
216423
075444
722803
224521
602017
345732
048732
262802
323134
562508
267834
861375
525552
544706
034115
380317
633273
725617
562841
453237
018414
367826
183831
730613
430610
816834
552651
246534
522270
331205
826826
071125
230032
276834
163172
218263
015420
238805
173137
651066
228714
701503
351810
221230
244325
767668
872764
365815
054612
115430
362353
710008
014203
703532
336723
157463
106061
832427
454157
061304
631532
811127
448817
045216
685883
438474
617860
506074
177807
284716
833554
344416
252072
524551
307082
747657
015060
146524
662338
243063
633075
034232
522351
038632
283634
201003
265823
162144
451613
626176
422035
277457
115511
576657
720225
607085
758866
060024
348735
603207
423423
364580
213123
804408
376268
815248
164326
214115
421601
585477
025502
434362
806527
325532
277385
635167
053071
533713
345336
822354
615066
716185
067337
517724
664574
088736
256418
284563
256643
464428
518338
533380
764674
008323
446563
224800
732408
216162
440116
165372
617455
706760
532343
671770
163730
822660
360504
551218
448871
737638
067355
545347
860662
323107
504306
828828
017053
847676
284617
418238
617383
275536
442550
535382
205061
361613
804462
146470
030030
753816
026305
537366
512017
354633
028208
382184
638881
734824
484637
248815
843834
155083
827755
707176
715076
562238
177870
373607
330024
336633
724823
265616
163361
680257
752572
577838
613361
443137
426255
428527
506173
057426
052313
360432
357663
224017
626527
332260
157472
544346
260242
763367
811370
271370
058517
668884
453525
618438
755863
775667
417084
781736
570813
672861
270270
056470
705336
553823
561354
224035
584728
247625
485827
007403
851680
727547
714651
408750
000000
465618
065371
358853
373067
665458
405801
144441
835376
548863
724607
443533
066048
780807
455752
543516
116602
360540
617356
328634
833068
484772
511241
680473
063711
816735
443803
608842
531306
276366
708384
880637
172370
015240
187187
038083
342171
653167
546645
125008
570066
413170
810711
682547
216513
830065
272470
064370
428734
338743
446158
036207
712721
766865
451613
335218
603252
317362
843357
066156
577838
634562
256526
462723
607463
632722
761338
476755
763781
051123
327804
403016
828387
174138
656737
515371
678885
084840
315720
652256
276438
326425
742544
458872
133232
272713
671257
731533
654672
215323
153027
488857
334055
415271
467647
552246
880835
341017
336363
471327
023023
081522
705831
165156
262514
403061
284077
350503
433172
146722
478766
070403
824437
631316
320311
386467
752617
452650
346508
428770
624570
058571
823085
426075
052331
806635
708708
801513
464086
851770
451325
082136
534822
254344
451316
644635
118622
466367
821524
028424
350620
730145
626266
426381
110200
635077
164065
067562
674665
253316
106511
525354
877688
361181
754628
163163
045144
608446
185554
153216
042123
071305
074803
344245
616625
246453
600600
268565
504108
562580
706634
382634
175436
272821
876858
752815
734536
045432
175670
803218
724364
063234
546348
860815
555546
028604
846288
571805
735816
773647
288837
436841
483663
636627
573645
817871
652832
245614
265625
817637
274148
168708
317650
751832
765837
167662
640172
824248
605272
434803
622127
306243
840534
454526
455473
836485
602161
882765
311023
126603
303411
318138
713551
258186
700511
418571
543741
143323
610313
140320
477675
661337
771078
440080
723372
728854
143710
585666
230203
752815
523082
206413
673673
565682
261054
605434
604604
382058
233242
378585
323413
631631
428824
850661
652670
783747
126333
085238
608266
831057
814517
560236
803308
520322
361640
553616
113140
645681
347536
483168
742724
834555
803164
080062
615606
213150
863674
581284
553337
611026
152710
156327
418643
857668
850724
358646
012120
205034
760436
324513
555348
711225
880475
145118
560407
024213
375852
451235
770725
443407
815581
822381
184508
318174
681258
367538
774666
371515
676865
312042
353128
325037
745583
756666
074713
435426
784883
533227
811334
166373
711243
445157
728737
052052
251710
166148
118208
156228
781574
521431
441360
460406
207801
704146
424217
366816
672681
582807
084813
418625
510006
552066
203113
372453
473554
172802
327066
650830
285537
428482
344173
148175
284851
820532
168627
131221
618681
776884
453516
530017
077617
506812
544616
363570
661670
265652
571850
840561
163118
656377
462435
582816
568487
353263
567477
017143
502340
341251
655268
252261
081711
503080
680608
075147
181163
552741
444750
285618
681186
040220
160610
008404
377881
463571
585783
383248
657288
262280
642714
814256
570156
862682
532253
087573
571751
244154
184742
573681
370703
046244
556745
705327
150501
322412
453183
882855
871646
322601
454418
202004
804840
148805
161305
476854
670526
701440
151610
103220
026008
482266
066453
132051
025412
128038
508085
854188
441603
533272
276618
454373
852636
114222
315018
015006
655754
836278
565556
445652
064433
004211
450225
611521
607733
167581
308506
037334
281344
844088
433325
140032
524812
600123
264642
840462
613703
108504
117333
133223
846558
808277
288468
235145
055361
704038
332305
711234
464815
466637
825456
356725
204132
781628
650155
455653
433253
426642
107026
580607
251017
454418
770527
346436
356725
706445
417525
332161
682268
363363
532055
823535
543444
082433
605542
723462
582780
185455
720441
566377
427832
330042
074038
108504
273561
843627
618474
650803
638872
055532
651651
180270
751535
418184
374185
354282
654384
207126
683584
553724
534705
638728
728665
581536
513315
471750
235127
408552
885768
113032
457682
661238
287674
527248
365365
285834
527455
585756
621243
841454
361235
853358
244208
616706
423432
252081
554617
125107
837288
273741
455167
071170
271424
435174
572284
214106
418742
404035
880673
028442
771753
854584
181046
661472
537834
546366
136181
358718
664475
800224
615714
625472
721622
267528
553454
452083
431125
627636
032005
165822
673646
261504
670256
515731
260134
263074
431053
302410
213060
756864
665188
153423
350134
701152
366708
626455
573267
574538
272533
548656
524182
855468
044521
273840
721352
580148
047236
071125
185428
257158
684576
003111
433316
334370
344434
846684
565358
840264
262055
606381
070331
184760
206512
428275
127208
168375
714516
327633
073541
464284
181181
764287
133106
261135
655178
625544
868886
385268
466187
352451
273183
288738
274580
851851
760562
026323
073424
518842
268628
284707
436724
534354
237831
834663
413260
185086
333522
374572
207315
341152
452425
631343
581635
076265
653770
347068
383266
147660
148634
183507
605407
322313
318156
052403
541415
065155
621144
352127
512116
078681
333351
343064
717645
661850
727088
088817
154136
380272
642372
240222
851824
726546
746458
158356
167482
627573
435327
781475
171522
063423
314431
448277
125332
083038
277835
366636
285672
055613
320410
644167
306720
741831
172307
822183
412151
010010
357816
260503
872188
543462
663870
635716
008431
830164
523172
823427
437383
350602
836557
124241
547745
154235
548458
270333
284383
362830
088556
584674
207054
261810
080116
420213
047731
537663
380740
038614
520061
285528
641515
688877
418382
136217
501402
517841
737548
380245
361154
507525
177744
765738
705372
384384
506443
057570
820622
610430
526166
645672
073181
208523
116080
837855
085058
315423
728467
717366
261108
407614
168447
461821
138084
801342
078348
151115
335470
442262
437077
634634
850463
565844
081360
727664
216243
426084
732732
342117
242134
418634
272218
138552
543363
036711
576477
308074
366681
803245
556817
018207
553724
015132
721703
114150
246084
350080
016133
175355
545653
711342
310013
745781
721082
502430
285384
628538
481607
716248
551308
533380
482356
626086
372633
324180
261072
078447
470443
413116
160610
038470
641821
271325
854287
286655
835727
842527
367484
812236
278782
525840
633552
611116
242512
472634
555771
750408
405162
173281
671068
377755
315504
832157
808763
222510
572437
048183
863728
512413
620404
880475
010100
216270
456276
831732
734554
305440
435282
223115
704425
611026
641065
157544
538745
163073
047236
817376
227137
080215
751571
638458
224053
841760
816780
480075
277358
283382
465474
634067
187358
154127
800440
816582
402060
152620
438078
245155
518842
711036
800260
831408
731218
473437
841436
631226
548674
388667
173263
258645
571742
054720
713407
033213
008125
637556
637367
207252
375078
411222
181712
351360
334127
360423
630702
504270
780447
374716
673808
282354
024042
534345
275833
625184
503530
731461
181262
107530
632560
534462
538880
461443
285735
654834
658658
770626
068446
583358
742625
572347
750048
624471
068626
058067
550316
882756
227164
067463
674647
153018
317731
444138
087771
720441
275068
362515
085760
634760
255732
041050
643355
620017
067373
241322
435606
347626
660453
274616
703442
830632
760841
447267
251440
138534
327057
806167
257428
844358
274814
138228
631802
605434
185068
182155
406253
270054
605236
181082
216630
676847
345084
287746
173812
885687
343523
184823
034025
852285
224206
034052
845836
743527
515542
582357
521314
448475
247184
375438
515362
160304
361172
757838
560515
658874
754457
712802
737557
202022
252162
445841
160340
027432
825267
724238
733733
821632
741327
432270
312105
471057
520142
753861
155524
046442
250214
882468
507804
044422
602422
246336
433352
555744
318453
240240
456870
603720
860725
377386
270612
486477
706256
881386
157427
877778
823508
054504
056740
215251
258672
752851
723336
633444
384258
622253
554176
332521
565565
630432
753807
474483
055541
603243
631631
660084
036261
047344
630072
408453
118631
358385
641317
145055
076373
742247
416047
658883
641281
530233
156723
017206
384186
603801
117261
517562
251521
863674
181055
118064
527365
263821
825465
505370
308317
824482
840651
806185
261531
035161
065074
647386
433460
208631
671851
637826
742841
652247
208631
644824
236803
532433
461335
121013
444336
147273
450072
052430
831606
741642
836377
028136
756378
507345
572473
147282
332224
681573
205160
322403
183075
262523
128146
070160
466736
557818
774837
634283
166076
437572
236515
365680
425047
435138
247832
386674
483348
280136
534273
345705
505334
403223
766748
338752
727367
434515
385826
053341
168528
814607
438744
408237
356563
057255
701620
646538
422053
053152
764566
354525
684666
564852
601070
316505
843366
353632
077464
643823
834663
008530
166526
277835
315072
074425
732246
465456
558864
076526
028451
257707
147066
263740
515173
245551
340016
235082
547466
835376
475808
701422
084165
071260
353164
354723
552183
413521
271334
740326
707806
473437
138426
278278
675585
072018
744582
306351
221203
522162
403304
530215
408246
032320
312015
034061
655664
080800
434803
741534
675828
834708
412205
041410
076247
671662
442550
080323
407038
320221
068275
544481
228606
708726
370316
145811
307640
330114
747585
733076
551632
452632
683881
265571
067382
864882
671536
632443
373850
572365
036801
626824
505037
822408
253028
057228
360216
275752
608248
467773
316703
638872
835817
781763
336282
370316
344524
828378
224134
042051
338635
224431
225351
137731
361460
380146
323800
261315
517850
625733
436085
652634
366546
072621
533461
386854
834564
635437
170710
082307
822381
760283
400031
058661
372381
527455
048372
307127
647737
128641
253154
261018
071044
730514
344740
403520
475628
824257
735834
850616
227443
435471
365338
055208
474735
575476
318336
831354
350404
064370
650245
407155
607337
547844
442073
832733
260125
467656
162081
430160
038236
528627
506146
844673
184814
037820
811550
803722
416623
673718
850715
417813
705354
266446
800611
576756
154370
366366
451811
702054
544076
286628
707077
073235
463265
261081
807465
328148
536851
211031
208064
383617
524632
684873
601313
587884
383716
344362
503512
306540
741426
154028
682367
043403
705660
643463
153423
501411
637862
536608
741831
616148
023023
425137
024312
325712
630702
871772
866857
526760
065632
626086
450702
174264
652661
751085
617347
260161
632353
573537
282507
344803
056083
640613
242701
184625
441018
440080
714525
237525
107044
253325
806518
461380
177672
408138
425362
321402
056605
840651
353542
134233
804174
834537
501114
647386
776848
372642
314404
065173
641470
623632
472355
572572
076364
424424
057345
121004
380470
326317
207810
714561
262163
761356
082235
758578
553265
522504
707473
262811
032212
708672
263821
007601
023320
735744
170242
810342
584188
600231
162702
157238
051330
621054
523451
332323
538772
164425
406370
233017
706751
166454
354516
083047
015501
085148
820433
652535
283634
882558
523145
047704
553337
802451
680437
282840
602134
557728
806455
172325
736682
854845
616841
257383
665485
331052
640640
724508
545275
541631
131005
610142
376754
105213
763754
466727
651255
234144
151223
236353
328463
707563
813624
810531
764386
531342
724508
555780
530107
731317
072405
133016
612504
358457
150114
746638
604055
058436
054540
774765
654177
772646
145622
616427
408264
072036
583574
211310
442163
435264
522036
008116
056803
534237
704236
342630
851581
146740
335812
246273
551416
243054
635338
542326
127217
638584
164416
150105
505451
627168
724571
340403
624507
781475
463625
872584
262145
644824
455086
585666
218407
504216
038335
864828
312501
403223
742085
463085
830452
248374
084426
870708
062026
885768
358448
682745
423522
423153
024105
724346
371317
622172
441126
530134
250700
216180
485548
880745
443362
633264
438771
526355
535580
217181
454544
550442
404512
343226
546663
077275
337085
151601
207261
255822
207081
026440
136343
551524
731155
248752
762816
468675
627582
764566
610124
505064
880808
285852
810162
626734
113500
353434
564708
184337
836656
644248
187718
674872
348348
183138
554851
251260
633732
308713
407533
245524
025133
622460
581554
258366
256526
436148
346274
614254
536383
807636
836485
851680
727547
335317
610025
655718
104122
180126
263317
076247
610700
164353
063450
851653
533326
377674
282507
646556
087870
384771
440008
370712
821362
842536
474672
820316
540432
412043
045036
256247
367547
401221
542506
508346
561228
718682
328175
706562
646853
803416
632506
263353
037172
065074
706337
587686
314404
054405
553544
186384
632371
361271
835538
538538
536167
165354
426732
420501
811460
803083
463337
641254
217820
043313
820514
607274
428158
720450
077842
138624
073118
151502
038731
321330
773836
482068
164227
255066
084525
645771
813165
871457
580562
223007
843546
536770
530224
510411
171801
323233
312240
138444
780357
651732
356536
352532
852582
615534
617743
463085
518284
425830
606228
387657
510141
333810
570543
407551
378288
440215
367646
580751
613082
622622
423207
644563
026242
711432
724652
327750
326812
657873
058715
826871
571481
572680
347563
045441
062242
320005
531333
165228
805733
102201
240303
560074
843087
145217
163145
824572
784883
201120
081261
810054
067265
811064
626356
583565
541352
174525
871556
036135
621342
121211
238751
538727
261702
280127
176464
227173
037424
467674
325820
645366
447762
448466
332431
861825
563662
873873
154523
441522
228705
522540
116161
075723
178718
263650
632821
278188
348618
065164
283832
375762
670670
630504
406325
603054
761077
455842
256166
182722
527356
411240
561624
838667
553472
341440
740812
125512
364571
118028
264264
652535
534732
247652
515317
157148
378567
515065
335461
725428
745484
382850
073550
147813
572473
284428
104401
882882
115610
383365
388568
506623
841715
285465
086383
316244
412115
316055
366672
870636
218254
236542
342603
625166
522135
343037
342270
456348
344542
375384
214124
524443
617086
743707
112040
117270
664268
102201
822606
513144
575737
326803
535526
702333
067535
146821
763583
661742
547574
417543
242305
542182
323008
381660
740470
336480
336417
262244
623614
452731
076805
235532
663465
086707
624507
166625
572338
400022
218704
242314
655772
665773
202121
578677
557746
307343
577847
066075
584557
157481
404035
682277
838748
617077
812461
504630
352703
237273
227236
184076
473644
142070
316523
287656
807384
084426
851842
682682
512125
647818
186483
164227
274364
641272
324603
211112
811352
671374
422701
808376
754385
357546
035134
015312
260125
207216
337742
067337
217604
620080
544166
472706
318543
071134
212041
602008
645861
170206
380470
437563
851428
528267
454544
156480
308083
161332
763286
225081
714480
478757
417552
484583
146443
463436
633408
834177
363813
017503
831723
334073
368278
834285
073811
342441
855288
533830
017134
221131
475718
112310
585882
317308
126333
050302
745268
637781
416353
118424
875578
507345
318660
574448
713128
462282
548566
377368
718268
724562
262163
770707
335083
724553
481634
155560
766388
881746
684576
080206
574547
464815
642804
802163
802361
388388
715823
218335
770482
504360
321231
514622
460271
818566
085571
402303
071233
772556
448088
042303
343721
061610
612081
167428
316442
634544
434164
042303
424046
728386
560128
745781
262217
773665
171153
523262
754835
241025
436733
852726
212032
188476
605254
632614
078177
123600
820361
623281
462570
802226
831264
440314
413080
504630
178835
807708
170107
615633
756675
507165
406163
500221
671626
552138
712460
063414
558756
212203
316145
761518
371524
282327
651165
314206
553643
634544
083155
460244
488758
364445
071800
321330
841670
228147
218533
770374
268781
550154
287386
600051
483474
521143
706085
435525
464662
301301
706346
587668
627555
335362
776488
357852
872386
830263
552327
524443
671473
572248
476476
565187
434371
526607
256166
007313
711405
734833
332107
037532
683188
885786
638782
518851
717357
108801
575845
822507
340016
366717
650821
737665
142205
068635
614344
631802
263722
324126
183741
052304
347824
587758
066525
278638
321051
415433
663816
153270
745835
204330
663618
346841
378675
720603
603432
424235
654276
742733
625418
320050
263236
504342
117315
375276
681780
022112
388577
463562
144405
832742
044602
550406
524155
270243
744672
750183
704614
874865
173821
253442
464608
258582
167248
580823
606516
344416
440251
823814
413008
134062
063243
452560
832670
721208
561615
713551
525750
427445
223223
466772
208442
106205
155731
305611
154361
860437
852177
453561
500230
272272
282525
173254
322412
280136
278656
517283
053431
531261
207324
553166
377368
353560
628457
445517
465663
773836
834834
715436
314116
708708
158824
643625
423126
545158
374671
824815
227542
870816
437617
252432
426354
524308
638746
358574
851455
812533
160205
713533
471732
670085
851536
535544
825870
477684
532271
728728
531171
243036
116413
013022
175625
457268
047704
622262
208181
234036
374626
077653
532226
750606
288657
077383
546654
385880
775766
718664
070322
503026
283256
664583
215503
765585
007214
123141
607616
585558
733544
044521
527626
183570
840174
418580
808268
058760
803344
342801
438726
534273
441027
082316
821137
124403
543570
821272
503521
601043
207504
248536
270180
182164
516435
806743
570228
674485
433604
456843
472580
484547
453624
367637
044530
165174
564654
744717
225117
115205
640226
118073
525066
834267
131113
872755
733157
886877
782746
520223
854584
355058
780663
038461
072630
326713
125251
642561
332323
771348
403142
720207
710170
017017
111210
317128
470632
677875
280307
645456
080512
364715
721163
716608
284275
174336
028406
830434
225621
082424
214412
022031
453561
746377
167527
484826
107710
758677
244262
172181
502016
238715
268862
536086
744078
267384
154451
703451
511430
718466
567657
727556
365545
283148
026323
364247
077428
415343
266761
228561
331241
814238
708744
471831
135324
823670
183273
083263
558288
254722
073406
124124
288585
384474
546861
206512
807168
417075
018621
744627
664277
608446
265634
230122
415163
610133
105141
571715
752671
267087
463733
661445
626860
635563
108180
446176
770635
711414
367772
753735
328247
543246
038038
428734
567684
277673
613433
812317
711216
633273
041041
671662
573186
084705
448763
373157
344173
444642
365824
233503
724733
824653
145046
362083
572617
383464
534444
426237
266518
846288
404350
531432
224053
531540
380056
672285
103103
148562
636672
503323
317605
205511
505307
360153
873486
506245
740218
723408
317038
246534
248860
762726
616445
634616
037307
432126
136181
804426
746188
318075
643841
222204
617482
180414
726087
345336
132411
522135
458584
333621
156615
773854
487856
554644
235820
541226
408552
582483
230014
611404
581563
715526
085814
427472
832733
560416
520034
763538
813264
647368
516363
518581
713533
807555
123051
081171
313214
713227
463643
580274
474285
464626
441126
242071
853754
510051
238850
573285
551335
328580
563581
334820
257806
705840
258627
417363
731614
771465
826655
650452
282048
163145
585855
720342
308047
703154
334136
515065
733805
260170
566728
671536
832445
516138
026431
267663
352820
802631
317272
207540
482545
872566
465285
235073
383077
403214
730235
232151
406460
167455
872782
681438
187547
145235
067643
066480
550424
834447
631406
322304
750075
761482
435642
340340
664646
431314
336444
338806
306414
055217
570138
170350
326740
332404
367088
174165
630414
673673
650533
365284
542272
471084
450036
538448
781547
564375
518086
125026
235352
780348
583358
812434
655853
437644
008251
642138
370064
800017
552525
321123
452326
252333
425551
831273
778787
176815
266473
137380
804156
721136
266653
834744
314143
167536
067850
361064
745628
324405
741705
073244
052160
073172
305800
636852
745853
078087
750345
215233
315711
407524
673673
206215
027531
084507
474348
041005
265508
360171
136433
367808
770824
454841
253460
816555
362524
257860
633282
847856
306441
754358
872368
134314
653437
135441
341800
445364
337517
866758
710017
871682
168618
108441
320023
534615
214700
738288
673880
884776
005311
763664
224008
737854
857884
341422
044431
651273
038551
418445
250700
235046
034232
224611
050500
512206
442721
683881
005212
246741
663870
484655
504315
035161
613532
768867
302230
166625
426336
046208
112310
612045
408543
362362
834735
846648
745835
573654
427157
505064
623641
822741
573672
810261
714606
624075
504135
317218
803263
136343
076670
823535
753672
451028
161134
058535
721622
248428
216108
815356
813147
635257
260161
155128
471057
520223
150141
404422
065425
314332
511340
742724
425506
710710
356338
335506
166067
087852
547745
820613

In the given criteria find: 6180